Camera Calibrated:  0.46292800901431463

Camera Matrix:
 [[1.29387823e+03 0.00000000e+00 2.99094538e+02]
 [0.00000000e+00 1.29307613e+03 2.56401215e+02]
 [0.00000000e+00 0.00000000e+00 1.00000000e+00]]

Distortion Parameters
 [[ 2.16509127e-01 -1.40474548e+00  5.43486820e-03 -9.72788009e-03
   9.25525206e+00]]

Rotation Vectors:
 (array([[-0.00495004],
       [-0.01354519],
       [-1.56962854]]), array([[-0.05873899],
       [ 0.23452224],
       [ 1.5330846 ]]), array([[ 0.36056719],
       [-0.2830452 ],
       [ 1.48617292]]), array([[-0.53770226],
       [-0.64838622],
       [-1.34565478]]), array([[-0.39190976],
       [ 0.06112133],
       [ 0.15581558]]), array([[ 0.56640988],
       [ 0.01655072],
       [-0.06453269]]), array([[-0.19281657],
       [ 0.07301585],
       [ 1.5403148 ]]), array([[-0.44801056],
       [ 0.36852951],
       [ 0.67468813]]), array([[-0.13309636],
       [ 0.13902977],
       [ 1.53677073]]), array([[-0.10027362],
       [ 0.14760419],
       [ 1.5371494 ]]), array([[-0.21107883],
       [ 0.22030923],
       [ 1.53221026]]), array([[ 0.46930211],
       [ 0.01428896],
       [-0.0639511 ]]), array([[-0.20834068],
       [ 0.11433952],
       [ 1.53986511]]), array([[-0.31182692],
       [-0.05871811],
       [ 0.15104272]]), array([[0.15088032],
       [0.01124111],
       [0.94357352]]), array([[-0.72589177],
       [ 0.77990323],
       [ 1.43173042]]), array([[-0.04970786],
       [-0.10605422],
       [-1.55844776]]), array([[ 0.13387802],
       [ 0.19054181],
       [-1.03241524]]), array([[-0.56074642],
       [ 0.52387464],
       [ 1.46780486]]), array([[-0.39427395],
       [-0.31445183],
       [ 0.55851641]]), array([[-0.14502854],
       [ 0.03984094],
       [ 1.4701464 ]]), array([[ 0.20386309],
       [ 0.04727266],
       [-0.16969627]]), array([[-0.41141228],
       [-0.43013337],
       [-1.51671045]]), array([[-0.32673825],
       [-0.26047996],
       [-1.47465205]]), array([[-0.26773162],
       [ 0.38422445],
       [ 1.4646179 ]]), array([[-0.69607566],
       [ 0.55695117],
       [ 1.36753306]]), array([[-0.2416986 ],
       [-0.1822853 ],
       [-1.39644795]]), array([[-0.11559464],
       [ 0.14738635],
       [ 1.53873411]]), array([[-0.24355164],
       [ 0.12442739],
       [ 0.76289141]]), array([[0.18371295],
       [0.15531   ],
       [0.37549612]]), array([[-0.02842255],
       [ 0.14149418],
       [-0.15379896]]), array([[-0.10634409],
       [ 0.14725484],
       [ 1.55182627]]), array([[-0.13110254],
       [ 0.18167013],
       [ 1.5282995 ]]), array([[-0.65063111],
       [ 0.95492041],
       [ 1.47253386]]), array([[-0.69484771],
       [ 0.63221388],
       [ 1.39738864]]), array([[-0.15462531],
       [ 0.02431992],
       [ 1.48886772]]), array([[-0.35327477],
       [-0.29475374],
       [-1.46305079]]), array([[-0.25404528],
       [ 0.38097626],
       [ 1.45715267]]), array([[-0.20962703],
       [ 0.08908501],
       [ 1.53517739]]), array([[-0.75314676],
       [ 0.73194589],
       [ 1.42994523]]), array([[0.28482674],
       [0.08047801],
       [0.57507674]]), array([[-0.04073308],
       [ 0.18302602],
       [ 1.55033034]]), array([[-0.1244099 ],
       [ 0.01499203],
       [ 1.47967959]]), array([[-0.33649354],
       [-0.30916686],
       [ 0.75968963]]), array([[-0.09094007],
       [ 0.09833992],
       [ 1.55960028]]), array([[0.03572791],
       [0.49932994],
       [1.50091803]]), array([[-0.32783486],
       [ 0.51307595],
       [ 1.4950889 ]]), array([[-0.14634244],
       [ 0.15967304],
       [ 1.53411136]]), array([[-0.26311713],
       [-0.04028875],
       [ 1.51498036]]), array([[-0.10454144],
       [ 0.07359667],
       [ 1.50562464]]), array([[ 0.49789895],
       [ 0.04172889],
       [-0.00071784]]), array([[-0.14107105],
       [ 0.13209422],
       [ 1.48109111]]), array([[-0.2419144 ],
       [-0.0728043 ],
       [ 1.44150003]]), array([[-0.19705623],
       [ 0.02476538],
       [-1.53822674]]), array([[-0.3354206 ],
       [ 0.35038998],
       [ 1.52036129]]), array([[-0.81831841],
       [ 0.04890954],
       [-0.16485261]]), array([[ 0.47788681],
       [ 0.03222671],
       [-0.02377849]]), array([[-0.29286923],
       [-0.28684347],
       [-1.45708227]]), array([[-0.11659256],
       [ 0.24646091],
       [ 1.54949771]]), array([[-0.64750837],
       [ 0.66974719],
       [ 1.39550704]]), array([[-0.29297291],
       [-0.24068351],
       [-1.50088046]]), array([[-0.44911675],
       [ 0.94956824],
       [ 0.46055103]]), array([[ 0.41308048],
       [-0.02577179],
       [ 0.92933351]]), array([[-0.00285192],
       [ 0.22689707],
       [-1.50964442]]), array([[0.03930807],
       [0.02732077],
       [1.45366673]]), array([[ 0.02018611],
       [-0.26682972],
       [ 1.39289247]]), array([[-0.14311163],
       [ 0.17310071],
       [ 1.55818826]]), array([[ 0.12602091],
       [ 0.03930517],
       [-0.0669421 ]]), array([[-0.20441566],
       [ 0.06270192],
       [ 1.54649068]]), array([[-0.05109598],
       [ 0.25955966],
       [ 1.5151194 ]]), array([[-0.01196793],
       [ 0.03355959],
       [-0.00290577]]), array([[-0.29154311],
       [ 0.19563855],
       [ 1.53033786]]), array([[-0.08103795],
       [ 0.29263868],
       [ 1.52005298]]), array([[-0.31727118],
       [ 0.12930316],
       [-0.00597031]]), array([[-0.80280387],
       [ 0.0897689 ],
       [-0.24558529]]), array([[-0.04662183],
       [ 0.01611579],
       [ 1.53837587]]), array([[-0.13282555],
       [-0.01605666],
       [ 1.5394096 ]]), array([[-0.09045298],
       [ 0.29314198],
       [ 1.53833301]]), array([[-0.62313434],
       [-0.71665724],
       [-1.48290852]]), array([[-0.42840968],
       [-0.05575358],
       [ 0.02067686]]), array([[-0.07858125],
       [-0.02316481],
       [-1.57006924]]))

Translation Vectors:
 (array([[-10.38913728],
       [-13.40783222],
       [125.0002782 ]]), array([[14.02350954],
       [-7.69470393],
       [59.54294271]]), array([[ 5.46263552],
       [-9.06257703],
       [57.33765132]]), array([[11.5078019 ],
       [ 0.95645579],
       [91.18258181]]), array([[  9.3461572 ],
       [-11.27500396],
       [ 98.55313119]]), array([[ 0.14376071],
       [-0.49417441],
       [35.29719343]]), array([[  8.53990664],
       [  8.97956808],
       [105.75987441]]), array([[ 21.25390477],
       [-12.5827744 ],
       [100.93497783]]), array([[ 9.74103486],
       [-3.93707554],
       [56.4525762 ]]), array([[ 9.75242916],
       [-3.97320853],
       [56.46353623]]), array([[ 13.42155212],
       [  9.00263117],
       [106.12082891]]), array([[ 0.11395786],
       [-0.96620323],
       [36.16269616]]), array([[  6.49769489],
       [  8.92528095],
       [104.86576961]]), array([[ -7.26491477],
       [-16.78213019],
       [ 95.9162066 ]]), array([[ 9.07682998],
       [-6.12192779],
       [56.42856685]]), array([[14.93361679],
       [ 4.43294058],
       [91.61001622]]), array([[ -4.40177712],
       [-11.52849973],
       [124.69899445]]), array([[ 0.35290695],
       [-2.11257779],
       [41.91505891]]), array([[10.4295211 ],
       [-5.73923775],
       [53.97868531]]), array([[-12.13814405],
       [  3.37268825],
       [105.09672586]]), array([[10.98959268],
       [-5.56841122],
       [60.85571611]]), array([[ 4.93246894],
       [-4.07028049],
       [46.20303588]]), array([[ 2.649607  ],
       [-1.30258371],
       [95.92321619]]), array([[ 6.84976134],
       [ 5.38701732],
       [81.42696257]]), array([[ 0.45359852],
       [-8.02969656],
       [50.15108011]]), array([[ 8.41964859],
       [-4.45263642],
       [63.226201  ]]), array([[ -1.86641472],
       [ -4.74269201],
       [123.15379786]]), array([[ 3.91414105],
       [-2.0083311 ],
       [58.63615201]]), array([[  0.91129016],
       [-18.34147432],
       [ 97.13859451]]), array([[ 5.82701927],
       [-5.54942958],
       [45.03334614]]), array([[ 5.1865562 ],
       [-4.60573524],
       [47.39692051]]), array([[ 17.26608953],
       [  1.55948351],
       [123.87245404]]), array([[-1.0386468 ],
       [-3.09995323],
       [59.53715569]]), array([[ 9.60031889],
       [-8.86825801],
       [61.97018656]]), array([[ 9.41912172],
       [-3.85653207],
       [64.99894097]]), array([[ 5.97379877],
       [-3.36815898],
       [42.16071204]]), array([[ 1.58434599],
       [ 3.2908803 ],
       [83.93745112]]), array([[ 0.17293493],
       [-7.88551888],
       [49.91312622]]), array([[ 1.04808521],
       [-2.21416661],
       [42.10860621]]), array([[  9.48895053],
       [ -4.81651804],
       [100.06444934]]), array([[ 5.46038771],
       [-5.33362682],
       [44.3450017 ]]), array([[ 8.52899687],
       [-1.6949608 ],
       [46.05114853]]), array([[11.1285472 ],
       [-5.45436054],
       [60.63827983]]), array([[ -9.50563831],
       [  3.52209317],
       [105.24360516]]), array([[ 2.75791253],
       [-3.99183246],
       [44.09191039]]), array([[12.79770012],
       [-5.82197036],
       [67.27662942]]), array([[-1.13171925],
       [-4.62247178],
       [93.94125173]]), array([[-0.95406092],
       [-2.90075013],
       [59.55556407]]), array([[ -7.79823003],
       [-17.16861445],
       [117.07955516]]), array([[ 6.40506004],
       [-7.92473448],
       [60.89411045]]), array([[-0.04340317],
       [-4.12108075],
       [38.41389518]]), array([[ 7.89870982],
       [-7.56518626],
       [60.86649348]]), array([[-10.11758951],
       [-13.6003523 ],
       [114.14577987]]), array([[ 12.67970436],
       [ -6.09512278],
       [123.46121067]]), array([[ 3.08093097],
       [-1.57720935],
       [88.30438884]]), array([[ 7.83041138],
       [-6.2027411 ],
       [61.23577383]]), array([[-0.10554991],
       [-1.41580579],
       [38.17153632]]), array([[-0.36556052],
       [-3.7779745 ],
       [95.92820162]]), array([[ 9.35698238],
       [-0.29839033],
       [44.2551273 ]]), array([[20.47723324],
       [ 4.20050942],
       [90.31787943]]), array([[-8.13481124],
       [ 4.92146214],
       [61.55964542]]), array([[ 2.25512546],
       [-8.77935378],
       [49.42878312]]), array([[ 3.05614851],
       [-5.63450665],
       [38.75376002]]), array([[  5.59884043],
       [  0.97380854],
       [124.90694392]]), array([[10.04509839],
       [-2.72162931],
       [46.40381919]]), array([[ 9.58717182],
       [-2.80717827],
       [45.67514085]]), array([[13.00398314],
       [ 1.42493868],
       [56.96020233]]), array([[ 0.08647828],
       [-2.03494981],
       [39.56772518]]), array([[ -3.97747873],
       [  8.80959755],
       [103.13810652]]), array([[ 5.79346319],
       [-1.64477649],
       [57.55769581]]), array([[-0.36366305],
       [-2.32293372],
       [40.38391712]]), array([[  1.08177122],
       [  9.03300315],
       [104.78836168]]), array([[ 4.31225856],
       [-4.34389365],
       [58.90315343]]), array([[-6.25700131],
       [-6.56809845],
       [48.08087914]]), array([[  4.59756292],
       [ -6.71382913],
       [101.27826758]]), array([[ 5.26546892],
       [-6.67475425],
       [43.33747839]]), array([[ 4.95522338],
       [-2.6589547 ],
       [46.24852049]]), array([[14.73418609],
       [-7.55915918],
       [59.59243175]]), array([[13.02862457],
       [ 5.03635032],
       [87.09096084]]), array([[  9.65308284],
       [-10.64597093],
       [ 96.915455  ]]), array([[ 2.22061878],
       [ 4.17714528],
       [45.83075139]]))